1815112
1709565
1858122
1772286
1772101
1859996
1777164
1786292
1782845
1785583
1815266
1813266
1842616
1778511
1782805
1782878
1817274
1815289
1785403
1818313
1770348
1818476
1813137
1818236
1846210
1778137
1774912
1780200
1782811
1773738
1842620
1815250
1779189
1700691
1770130
1775630
1775776
1858681
1771215
1709252
1787892
1785845
1816483
1816582
1855895
1857993
1882744
1778229
1816984
1776856
1814335
1770520
1785582
1845250
1818838
1858995
1770235
1882706
1817464
1709269
1770805
1814938
1857982
1811742
1775606
1772762
1776806
1816626
1816875
1709989
1785880
1858478
1816939
1771169
1772283
1855655
1856280
1779145
1772432
1770343
1775611
1769806
1778235
1815056
1775037
1709029
1771015
1772263
1770225
1816356
1709280
1882703
1819990
1816959
1709131
1814567
1775058
1709838
1779953
1814686
1781728
1579894
1709721
1782816
1847833
1882709
1787866
1770591
1775020
1813365
1858757
1709017
1700722
1775515
1851580
1786297
1780731
1818307
1760086
1816352
1770415
1813692
1760745
1853400
1775888
1815384
1851557
1775101
1760360
1770515
1773702
1786371
1772730
1776455
1709189
1773192
1815059
1786383
1778473
1851697
1709011
1887232
1883891
1778988
1774655
1778072
1760080
1887209
1709127
1868417
1883890
1775511
1709679
1858011
1770120
1851531
1817404
1846915
1772108
1816236
1709160
1770983
1709912
1770811
1813694
1858726
1811931
1770402
1777120
1770950
1858452
1800040
1786296
1775563
1778385
1771247
1775622
1771333
1770361
1858018
1858021
1775169
1709195
1709201
1817203
1885691
1856218
1780599
1709592
1882745
1858146
1856252
1858926
1771027
1770381
1771238
1785821
1775641
1816896
1856250
1778667
1785842
1760840
1774242
1770345
1770812
1883858
1770472
1785497
1813129
1817428
1859824
1700405
1770276
1785586
1815123
1813363
1858996
1775066
1803529
1819240
1813396
1855899
1579908
1851537
1782680
1811028
1813377
1709796
1709614
1779390
1769603
1843121
1816927
1856205
1805377
1786521
1782810
1773177
1770108
1814568
1814336
1778123
1887208
1770332
1815785
1760398
1768791
1777601
1770164
1770250
1770161
1709057
1858102
1882747
1818831
1817373
1853412
1813109
1858775
1769708
1770729
1709426
1859663
1772102
1709602
1891955
1773700
1700277
1853415
1771241
1770774
1855878
1782045
1782879
1787542
1709142
1770129
1709263
1851589
1775770
1770833
1775753
1770149
1709103
1709562
1775509
1709521
1817214
1770174
1818231
1770102
1811735
1760533
1771526
1816920
1818912
1786517
1770640
1709807
1777161
1709961
1783534
1857446
1813378
1709795
1776811
1770109
1709923
1771002
1760635
1815286
1775981
1778161
1782687
1773150
1772752
1770507
1709865
1700736
1775535
1770354
1818688
1816659
1770114
1775179
1842006
1709833
1709316
1852290
1709161
1816216
1785370
1760155
1709925
1815125
1816658
1816878
1858759
1856253
1782039
1882743
1709431
1770131
1770243
1778780
1760532
1709329
1785302
1851538
1817287
1771240
1882752
1851528
1772798
1771163
1770125
1771019
1770371
1770800
1768551
1887201
1812132
1859893
1882758
1851696
1786420
1775059
1771739
1815379
1770457
1775533
1760631
1773406
1811942
1770531
1857745
1770432
1851594
1773713
1709671
1786298
1778300
1786226
1781736
1776838
1709563
1771016
1813654
1851686
1858013
1858012
1818227
1787811
1775510
1786569
1882740
1817271
1709702
1851597
1775142
1883899
1709473
1785893
1700363
1777600
1883869
1780549
1816066
1770843
1783983
1786252
1855651
1709582
1855873
1777130
1787546
1842007
1709224
1882707
1709343
1856796
1814933
1777188
1818317
1709993
1813568
1855871
1579909
1771288
1775301
1813576
1700927
1816506
1816623
1770175
1771012
1786280
1853413
1770232
1815285
1709275
1709504
1812144
1770802
1813127
1787553
1775517
1882739
1770657
1858001
1815206
1772990
1844707
1775884
1772740
1858683
1779229
1775115
1846214
1818880
1778960
1858034
1775314
1775930
1778319
1855421
1779138
1760560
1855870
1812007
1777382
1858126
1770104
1858751
1887204
1855888
1777144
1771773
1785888
1709513
1814814
1768131
1811783
1858746
1813165
1817785
1770105
1858687
1770844
1774246
1815110
1709784
1785822
1709226
1770788
1770132
1779005
1772743
1772404
1817296
1785492
1776124
1778421
1814572
1709603
1709991
1770373
1770539
1813390
1770238
1817158
1783902
1813265
1775550
1709921
1709908
1818928
1770852
1780341
1783922
1817466
1709920
1846437
1856257
1851695
1771748
1816357
1786295
1819828
1770220
1786427
1770773
1771419
1858149
1858753
1770237
1856251
1818479
1781739
1858477
1709256
1844705
1778649
1783923
1859759
1882726
1772256
1709208
1783993
1709183
1778723
1786326
1812133
1813572
1770987
1858458
1817288
1709728
1851687
1815177
1785347
1709321
1813448
1700392
1770739
1778073
1783956
1776850
1770431
1770545
1770961
1568476
1709250
1771778
1855486
1858026
1859668
1709743
1856202
1785423
1772285
1858250
1779319
1771763
1770818
1851558
1775552
1785876
1813106
1856279
1777172
1775523
1777321
1775114
1770233
1709044
1858028
1770368
1777311
1773753
1858022
1851533
1780732
1814240
1775191
1813567
1760800
1816935
1883875
1769830
1785863
1709041
1778070
1770832
1773270
1812002
1780347
1774970
1772909
1771237
1786273
1816869
1773253
1709453
1817270
1770181
1779210
1785348
1816221
1760788
1785428
1770502
1786200
1856225
1773119
1778928
1773719
1817285
1770228
1778327
1813368
1700245
1815105
1776812
1851529
1817169
1770903
1812003
1882700
1817262
1859678
1851426
1771004
1771776
1770215
1857992
1779362
1887217
1853653
1815061
1775586
1773190
1709236
1779132
1773703
1770126
1882724
1883871
1858121
1781791
1883854
1805378
1813566
1815209
1771735
1883895
1775111
1771730
1770727
1770113
1709086
1777591
1816638
1850603
1786202
1760535
1771768
1709890
1856224
1788880
1858997
1775971
1779006
1786291
1813361
1783921
1775313
1775027
1770831
1780290
1817297
1811736
1770184
1851565
1782886
1775710
1880383
1815119
1709014
1780662
1781755
1816942
1769311
1775149
1779188
1771018
1781773
1781781
1778305
1856880
1778521
1778641
1777631
1857995
1813663
1778411
1775580
1882738
1818478
1855861
1760747
1858025
1770564
1778648
1858129
1882741
1815121
1770581
1777391
1785889
1770358
1770709
1786551
1770651
1786285
1709480
1770516
1771028
1770353
1856203
1760813
1778325
1773124
1773726
1778512
1760816
1709007
1770375
1776866
1777177
1858672
1777630
1776803
1771321
1770716
1780671
1816585
1777344
1816084
1818528
1709190
1858983
1815191
1816857
1858031
1770487
1783539
1851547
1779007
1775310
1777180
1709204
1858015
1815153
1770385
1778652
1780267
1851545
1813677
1815156
1775911
1786387
1773035
1882704
1851536
1811792
1772244
1778312
1813118
1786235
1785829
1709281
1776122
1818844
1775120
1818915
1773213
1883855
1817463
1778791
1783542
1700684
1780503
1852291
1818304
1778640
1816670
1818919
1709711
1811022
1771005
1709370
1813179
1775575
1709380
1709715
1819822
1772764
1815843
1770683
1779318
1771258
1859676
1850604
1778650
1709893
1787689
1858222
1778310
1700275
1842044
1771212
1816921
1770270
1779430
1812145
1858003
1775168
1813561
1777626
1770718
1815273
1770563
1815160
1771704
1882737
1815200
1778644
1775741
1816448
1815283
1775718
1768938
1709567
1815387
1858921
1786421
1785429
1855552
1778510
1770414
1776715
1815887
1850691
1815127
1859679
1816980
1787824
1709009
1772284
1778731
1858148
1856259
1786270
1771228
1812006
1818862
1856867
1781701
1783992
1779908
1709505
1779226
1882749
1770121
1855653
1815795
1858460
1709126
1781735
1709107
1817209
1709490
1815208
1777002
1709100
1709706
1773712
1774653
1780593
1771358
1786218
1770508
1709731
1813592
1772303
1815898
1816628
1817424
1858000
1785995
1772262
1770306
1770689
1817465
1775886
1770331
1857898
1811722
1785875
1783987
1782802
1770713
1771260
1883894
1709577
1770335
1770585
1816516
1770533
1770675
1786342
1851566
1770701
1818596
1709722
1770921
1816537
1770169
1771014
1700235
1817376
1815270
1771220
1579902
1770392
1815335
1709643
1777596
1770760
1770514
1816928
1818841
1842617
1813685
1770139
